22681 68910
48542 235883
172122 118172
259390 61649
27435 239570
137682 131457
186278 47883
37207 57973
144268 213421
240210 119757
231093 209415
128795 57696
127487 205607
140992 66012
168986 175136
73985 98294
66726 76600
249873 203042
98143 11221
236058 196818
208971 113439
248473 50854
26960 245270
102733 88022
115346 164340
165391 182384
28224 59157
170591 135787
263493 114522
263447 29753
42471 4111
241968 192084
241783 73129
182374 165597
38597 24804
108724 161434
245834 170930
119318 122110
228324 119320
172582 254108
155064 236534
257885 147969
252166 18554
178451 6579
204577 237726
163921 80568
45760 36968
69784 163048
99752 89602
233553 7872
115019 146037
104254 64594
233703 7116
82037 172940
24969 137682
261887 48705
30749 127715
24485 169754
140045 35405
122168 101785
210287 253727
67752 64009
72974 97503
257589 77221
87788 65779
118613 129284
248111 6998
81196 131546
196785 89340
213680 131335
52688 225800
37840 167492
16867 254798
214314 61699
47076 80157
131069 63327
35356 60644
175341 226995
60723 35410
229389 117747
28227 206813
66719 86824
50249 64312
44959 246421
67222 210584
169816 23987
96492 95866
29075 249718
214877 87141
255724 171358
253150 202379
201435 109878
212608 11891
212946 184952
155232 113841
138846 21393
172284 164002
100075 89061
157336 6693
203931 208484
118640 21306
48063 51360
31179 104902
156096 125983
105077 8984
175200 168048
98653 23515
192629 208303
71764 174630
23056 65159
65284 110542
119451 84852
86900 232842
205538 202160
261440 40506
186632 210755
13736 187194
69059 203752
138188 62045
176754 173282
186667 144530
181339 189148
221262 160222
235176 91470
163166 159348
62626 153593
72042 126596
253271 72443
260635 53353
210949 46844
242286 131744
76678 89120
150197 84079
257013 93912
61414 51509
87945 28095
78502 161602
57750 88437
211145 98548
65741 21985
93350 174393
14933 124722
77853 84054
42388 200244
110756 181578
210409 206658
206108 172133
178660 29652
159380 33340
226009 139384
183201 149420
224138 83824
126054 64820
3429 1300
110779 211861
37254 104546
5487 229561
36390 182454
230621 119171
147960 237992
97191 115929
41980 2930
64587 178599
161187 210589
217922 19841
242096 45633
1226 247424
87115 203211
143520 752
141936 245300
29930 236612
213145 94824
128077 126312
166179 22391
228184 32367
218294 25746
232134 143093
47905 39556
26861 47274
126724 193463
148233 237639
204832 58145
120876 140278
214688 247250
107292 101089
33406 140458
211324 73843
3071 73527
47190 19293
233169 262744
146553 231028
122424 58330
139359 126051
227682 81305
131454 233786
9683 203576
59088 64279
149678 87107
135044 30620
250628 203849
109718 174811
217345 50526
171040 180320
57687 46532
108243 33447
133324 176575
171749 197788
207533 206191
141725 68631
201518 2137
34809 101409
235419 53951
218585 74399
112672 179595
48242 212576
112699 134748
204903 243048
187026 139817
39741 139593
235035 215045
117395 97407
34330 209312
249129 130857
28027 44147
43910 57242
62213 10670
95268 113801
167440 19490
96830 217455
69034 235384
45327 19817
198875 255922
169986 96061
109338 223244
162999 178594
197147 149092
177032 64744
189656 141320
62452 256255
135841 217671
201469 259374
164947 74497
201808 188083
93584 65318
167933 31903
215489 165149
241323 70225
250295 103706
108826 207270
6565 82639
250880 121533
246500 20719
82640 74292
75038 66187
211805 264164
126043 243801
221854 69535
151591 66410
203823 213851
69695 193672
73865 31782
32401 8957
113667 207428
163644 55317
236725 108286
125271 129721
47315 243977
189559 45945
257453 6567
118414 192602
175198 41610
163431 182281
126407 131815
157362 241579
61370 210345
211907 163649
87428 84365
103534 67912
198887 66615
115413 97402
220937 24554
221774 33089
222271 827
31674 203201
80968 230634
167680 205047
10873 201010
146622 28441
58040 233192
122102 164561
45528 79725
5071 35752
79210 170682
125758 132835
254686 147726
162919 160170
81971 62333
120219 84427
248616 12540
255496 17801
206330 254955
122100 129354
217875 241925
212663 70187
129549 187343
79964 105629
112148 142677
151197 132186
92451 217939
138849 72697
139394 14933
200294 188140
216840 168707
39191 197160
215541 220033
70490 67052
146473 217426
73764 250197
185570 259132
206299 80055
62067 135109
221455 20644
94598 193924
198737 191393
244392 102902
27639 38416
244598 47904
195921 253621
160004 65924
21472 35772
157366 34251
18989 36886
142927 224079
75387 53765
153763 236509
129778 1070
224165 72077
50945 100751
95539 156060
187217 246021
168780 2510
91762 151310
207472 259163
102096 203496
143273 259867
63120 20183
131904 48124
180749 192312
148875 177076
199976 98086
148721 139614
88570 236594
210377 58536
160186 213624
1427 116027
141784 257502
120265 30545
26568 154838
161371 204984
11858 233826
46760 18164
157012 224613
145959 213745
239536 176344
12074 102257
176753 184922
172364 245842
13383 141270
200199 38331
15901 248441
132864 63793
18510 9563
8312 235766
98217 114753
128762 2039
231093 31094
126958 11813
111961 263140
123929 77384
106772 147377
87179 37394
103950 79530
81467 250206
236037 208366
247923 173855
46369 219008
203233 236018
237788 97669
217523 165283
53921 44730
21264 155709
241825 19106
93432 199815
68329 34439
136665 7685
182761 238775
24389 90497
150369 94476
19698 220254
67671 98029
139295 109960
105135 231339
2599 220
200626 182748
4478 158479
124316 94740
176338 143738
245317 125323
25421 231586
192880 57593
200373 83868
246750 64491
199337 216195
29622 114940
224865 11880
115321 171917
238168 20336
144070 21107
50491 131601
102990 257455
128337 43504
263792 212423
213364 42331
208460 219535
233410 216162
58223 33358
224371 208768
56688 63227
214589 264287
123308 82015
216130 218584
83019 136089
251279 190692
175209 137182
1851 77265
9842 202726
110121 62147
197391 82150
191445 142967
92229 166876
255309 113287
67126 248094
81812 25582
142206 179026
60075 10466
184132 70143
254807 261449
231713 16321
35917 16775
81187 207514
36688 40306
141493 20617
107827 154552
15789 228072
147889 254783
101530 167141
153155 50234
34627 260669
22841 65109
186519 105318
141330 216375
149278 190923
184530 210177
249340 178523
39154 239127
16235 51073
91077 201378
152652 123296
200338 193545
238388 57794
172000 184187
84316 151376
156103 7186
18080 216224
44021 5238
214906 196896
79802 178297
61506 238032
199548 24129
224365 183501
162435 201665
32426 248354
242236 191834
167013 38166
194944 111709
92725 149772
91282 108330
43156 170838
140256 238850
155398 144679
229994 188117
54702 215469
48616 26471
263026 65540
195720 61584
154820 196744
198351 60326
26378 123990
34860 67318
227808 158537
15951 2838
230140 22074
177974 229404
44156 224951
222395 216547
213852 28536
134950 122401
24030 165438
92551 85570
260949 159559
58783 203743
30877 230984
142511 12816
251298 75610
145809 96650
3685 174369
203195 62256
30035 242629
189126 197034
249630 201039
247768 148411
74160 109953
259237 141150
92461 212586
113699 208412
970 16722
54398 154922
201389 156114
11506 234460
257430 157200
12891 189702
183500 191144
239514 77526
253111 101718
231569 226929
162745 107952
260470 168645
259429 215462
190985 5099
62709 262492
240419 235857
171073 159664
195170 142173
262331 175473
101102 9492
169220 149054
61754 189626
209361 230079
238654 105961
5448 100620
141192 27732
113006 113379
128981 67496
33667 46740
136478 52488
203858 74903
131976 51318
207755 200167
71160 151769
21869 38369
852 233834
138399 162218
257129 18745
101056 148122
226339 247518
230114 101484
122444 178552
106395 93992
254660 257326
110374 40504
66274 66904
215745 98399
188112 182228
201102 247392
96261 110249
254667 85814
231693 142503
238043 109278
3463 179371
231363 103283
143973 180587
114104 149105
3565 7028
145737 108181
171971 84461
234540 73738
72026 249167
74381 19750
9805 184087
130036 28385
75734 82063
149623 197483
110955 157211
205061 127368
187308 58552
8208 131765
171642 197896
21181 143567
69618 69279
178013 72917
70226 8678
123199 86820
119803 221995
20204 27691
177123 15693
167101 159298
228862 98417
103356 198456
95753 162242
138297 142583
82746 124901
5184 248129
253780 78528
116208 249571
102494 160974
444 60879
225093 202733
210372 112480
253044 191554
271 228737
141347 229352
45595 212174
256777 144825
230017 260394
235456 92470
110182 216796
222087 153121
254531 2187
170330 58584
19958 176246
117051 76650
79343 119275
214926 184908
250028 193122
79424 215263
146364 32661
2883 210882
42480 106597
228428 260535
118231 246940
210438 35698
256059 64241
170796 234241
163567 154341
233915 107967
242983 49417
45966 11188
141234 208271
122095 73429
96037 97192
53082 206924
39845 124636
151319 239609
148210 166930
14680 30252
30148 65948
134201 217883
123408 239435
203534 139566
112126 81230
159176 77117
50032 94354
94204 176330
61866 20194
204120 75021
147931 66859
214997 208692
35747 193208
225177 56123
75038 243530
167373 22711
259941 115948
248359 198229
6358 115280
51740 152387
39048 94427
5044 17825
8912 117662
193071 41010
249140 183599
17893 72359
85964 117210
172592 57375
96357 100305
13619 76841
176923 94521
140175 34947
150412 61539
121112 42888
18749 31092
127682 229452
136487 158596
158672 165829
67206 118425
78224 204167
81064 227020
240142 79179
49311 189508
211335 92169
201792 6906
106486 143394
16711 166852
204166 175367
81967 164976
129922 125395
63018 116753
203890 23320
76688 14486
94547 157678
140959 215479
225809 195047
52211 129574
147338 200228
5394 36488
69806 32750
151220 228781
258307 81989
191724 150780
243773 101358
126120 196181
109937 54241
261604 182726
190101 194911
32467 199294
109803 258628
179438 180258
105206 104846
65172 233624
96301 144605
195521 63356
3387 164736
108244 9370
135753 21458
85176 104124
238441 126699
89824 207272
100117 148329
262428 226208
127144 185582
100871 232420
190575 90498
125366 4939
105822 101709
69552 112479
197462 247111
101952 227579
236800 231724
171125 116113
74899 253928
225147 22255
155195 28404
108648 160687
65192 200743
230548 90991
242326 245353
191211 192612
137708 22629
211836 163552
12996 157783
79364 101842
202430 90399
50785 126225
233335 15031
216571 27761
46389 203795
160532 162416
91175 49728
168205 209770
185879 22766
179319 146654
158234 170088
263909 19146
92992 113570
109918 2938
105804 221134
5508 211129
96844 46588
91779 23658
133357 76271
203204 244440
5011 133444
6613 23746
138859 29004
17756 251935
241219 65981
120332 31130
81712 135114
179890 42654
157176 47709
137308 37268
224094 142441
174278 99675
208199 262108
52104 58847
252512 49143
215093 116140
80193 94592
184907 214991
151032 107090
67825 179793
18703 41500
192772 100741
239917 222684
17574 144260
223295 86562
243617 223049
107843 132920
226998 80561
39233 157877
124468 180945
79818 199086
99955 205449
91478 58222
30036 44603
52778 234700
175718 179052
187733 44328
88456 90239
223093 97747
108038 119361
85962 59482
149815 27170
225342 83874
192173 188348
260384 234237
8762 139976
106500 257890
31031 121926
5352 210238
99740 82012
132265 116646
132900 190065
125840 30216
191905 17119
241270 255748
258529 50997
135925 62504
180848 99864
176680 73153
141519 236181
26054 61288
103177 23543
23353 25414
262631 62586
79948 243395
68394 98349
231067 258436
226402 258442
100722 152552
166055 145158
8929 14610
179395 218197
24430 246727
120415 26128
187284 247245
212654 58041
189744 205902
134767 116744
49705 71862
160684 49428
235041 195836
43741 69143
14189 135100
180431 229691
231488 204900
174941 63133
80598 232576
88857 226243
75260 126134
258180 237144
183325 56634
194821 228425
66786 78180
105749 107773
220000 192648
150869 263855
128304 202529
236298 52378
39901 11467
214889 244250
72365 22358
150274 67660
64154 141193
194434 124694
254427 122109
13672 50704
19031 43574
242207 141499
67676 78407
4195 67574
120230 126366
145617 62234
254792 215759
110105 252558
208388 224298
94847 244587
21510 206600
189587 113732
126740 207758
50305 5885
258490 203422
41816 131804
179486 162679
10593 84315
137862 48675
67541 178915
99336 256550
177270 134779
73989 93929
103550 197977
217332 198799
70394 13497
101685 252397
185402 6515
104031 125541
83657 69831
159472 95259
72305 140826
179781 134365
188869 134661
262696 262499
98849 145868
98349 45072
35576 215962
101848 258995
259186 102599
120230 162986
169104 30575
55264 187151
263903 5201
52721 263140
184045 228966
248535 86668
177792 40881
31059 140331
174522 59318
83045 132187
253133 101932
220364 211346
115330 218989
230945 76852
230882 228312
258724 97799
180631 68926
209181 223345
238130 35196
262843 186996
196034 63497
105186 233624
30672 10685
180887 116136
14811 162696
49826 83379
68506 32160
214806 15525
33601 122867
35900 153982
236197 157014
170768 40916
63733 186597
226177 252782
153993 79720
220139 55468
68525 41561
263581 94523
209905 135149
53931 65753
16733 195823
66324 30288
186053 166083
179560 57749
68708 132479
90055 253664
71441 203154
71350 155745
108505 34870
16300 62718
46343 197750
228116 66771
195918 80721
33366 53441
135676 199325
193186 185539
48220 193782
92318 161811
32598 127275
177307 35853
63855 247438
78289 176226
227711 169335
179644 144209
118394 105714
261669 106446
3028 219835
21157 56396
216226 238398
229910 240211
46885 175121
13243 216804
104810 169656
