30107 30106 398
163743 163742 3137
74555 74571 11445
203791 203774 4764
211835 211691 5057
31105 30953 1579
133805 251312 3270
90259 90258 1201
180481 180427 2347
69613 72338 1018
181012 179480 5839
99816 99817 3678
194809 194806 854
152013 152012 2107
12555 12559 525
236541 236542 1811
171067 171066 1945
121847 121848 5018
6615 6618 6030
205442 205453 4870
117932 117931 10832
55616 55617 1971
33700 33697 1874
65111 65112 2262
260146 263776 2482
246496 246497 4888
138643 138642 3221
103183 103182 61
17759 17765 5157
199423 199503 6189
23647 24180 1911
136230 135859 1189
169720 169738 1972
239243 239242 867
55021 55592 4835
256949 256945 1059
215794 215742 977
85763 85762 2501
257349 257348 3732
124748 124893 2794
147762 147836 1861
228869 228868 2304
51028 51027 2182
91162 89723 846
121809 121818 6559
225611 225616 2841
60021 60020 2186
202333 202337 2666
154479 154480 1295
3894 3893 2749
219734 219746 2077
244617 244616 2585
44714 44693 1473
18494 18926 4825
79072 79071 671
153030 153029 1879
49048 49053 1849
47800 47798 1324
248513 248515 1558
31026 27518 10198
228456 228458 9767
113596 110861 3380
153039 153026 2882
116036 116035 2096
27721 27699 2439
51581 51584 1342
116424 117584 2048
217545 217575 1919
23306 23281 504
124275 124274 1343
241444 241446 3750
191376 191377 2603
193766 193765 6388
252731 252724 2345
177047 177049 1473
146072 146057 1348
138212 139652 1376
27451 27461 691
110159 110158 2222
133332 133333 1990
62324 62326 7060
120987 120983 2181
142184 142178 2091
961 960 1392
172388 172389 2147
130033 130534 1667
201449 201447 1264
238886 238939 3674
95147 95146 3058
234221 234215 5678
108846 108845 6491
11168 11182 1246
237779 237782 2354
9616 9615 2548
44270 44269 1913
20379 20380 1968
253280 253315 709
210763 210765 1662
77715 77713 2675
95516 95508 1131
135867 135870 2800
198497 198499 2018
18264 18296 2118
129258 129259 232
262471 262470 1097
184513 184512 1956
13988 35350 1803
89682 91150 244
96464 96465 2638
197522 197520 2003
104409 104410 4008
109493 113750 166
221431 221387 1436
23368 23372 5702
3285 2882 696
147067 147066 4276
80085 80087 3247
137542 137546 5005
53162 53176 2024
73924 73922 1891
164841 164925 3550
221512 221522 3327
51935 51997 1624
28413 28326 3260
209399 209566 2174
151298 151293 5928
242743 242741 11099
4968 4962 933
115608 115607 1405
33536 33540 1968
147219 147143 667
120208 120207 5958
60728 60671 2889
187817 187818 1943
59112 73407 3245
27340 27333 1772
181251 181252 2778
201689 201699 2603
94608 102007 2531
243749 243744 1820
53854 53862 2350
215633 215648 2375
190399 190397 1738
30987 30962 3767
248936 249038 4723
223807 223906 708
107289 107288 5572
221276 220993 2163
136327 136371 2347
207326 207322 2596
4305 4306 953
218299 218298 2905
81336 81365 2567
217650 224393 779
247907 247906 1058
14514 14623 1451
126662 126664 561
132920 132921 1136
186400 186401 511
94374 94367 4100
90593 90595 3020
101706 101705 3849
260014 260214 5351
228062 228061 1512
65547 65548 1452
126342 126322 3618
3525 3524 2166
54316 54312 1278
34845 28066 1679
260804 260904 4118
3581 3742 5566
119075 119047 16866
40026 40038 1451
246211 246209 2950
151553 148408 1762
196324 196323 1826
256584 256577 2044
37845 37838 5913
218831 218901 1960
119899 119898 2109
34766 30708 3098
153138 153207 1783
125445 125446 3708
186407 186408 1862
13982 13984 1690
40860 40857 1978
56000 51980 933
211059 211057 1480
147582 147585 1909
121360 121359 3869
131327 131328 3360
202355 202353 1481
213533 213531 1433
111469 111468 1680
103925 103931 4620
50213 50211 3883
75427 75437 2262
39147 39148 1131
209714 209687 5937
22236 22231 1679
69492 69491 1405
103423 114807 16366
21939 21938 2535
83681 83688 2675
105224 105476 3185
129731 129732 1879
120544 67633 5107
159024 159025 1667
106848 106686 6021
99912 99910 5576
99679 100933 9706
148373 148361 3831
215640 215641 1875
37052 37051 2556
10891 8718 5098
246868 246870 2044
185637 183573 2778
4782 4783 2848
199334 199337 2141
239262 239263 2259
92412 92413 1680
138928 138927 6026
235640 235639 3079
81594 81574 2022
103007 103004 2415
87824 83472 1955
193795 193796 5355
239955 239365 1848
21534 19218 839
105005 105009 2915
71946 71960 3912
112805 112804 2653
236725 244025 9731
264068 264066 4498
4957 4959 1956
74089 74087 1797
79282 79281 2233
45977 45990 4767
45531 45585 6274
255228 255244 2717
171241 171240 1783
213387 213388 5024
113810 109729 688
107943 107961 1908
201655 201654 1042
231022 231020 2929
162638 162639 697
129002 128935 2849
59231 59194 4569
168893 162453 1945
166615 166614 3848
224812 224811 872
53817 53816 7590
158637 158634 1917
59434 59433 2810
110049 110038 1510
27133 27090 2851
193529 193528 3193
248084 248068 2560
138451 138452 4831
175493 175492 1684
120067 120068 4932
46772 46770 6300
7709 7727 4064
176701 176722 7025
32355 32361 751
17403 17434 2366
123775 123778 3269
189030 189029 2048
233822 233821 3243
230839 230838 1435
13701 13656 2438
138613 138614 2379
197822 197825 1917
106520 106519 3612
233163 233156 1155
39218 39199 6817
217962 217958 1049
136861 136637 1705
117412 117448 3851
92 91 1209
191441 191443 2119
68008 67622 2512
151968 148102 1566
195446 195445 1557
241154 241296 7610
264223 243673 1200
218818 218819 2298
59903 59909 2227
186260 186252 1740
86385 86395 4258
46255 47403 1046
42868 42926 1772
137012 137011 7457
24450 24449 2568
228944 228942 1511
203099 203097 1372
105290 105289 1291
5816 5817 15449
62707 62706 1858
177610 177607 2262
162108 162107 1382
156534 156537 2177
178140 178144 5868
131038 131039 1868
245024 245020 1686
54038 54037 1395
205189 205192 4466
90058 90056 11016
12288 12289 1041
67930 67929 1783
1214 1213 5344
259434 262890 4738
139955 139939 3293
162670 162665 1975
1074 1070 3559
41085 41046 2121
115585 115598 2176
78670 76693 902
11873 11874 5005
192687 192694 5195
226038 226037 8321
82738 82739 3892
142540 142724 2255
43643 43642 3666
149468 149470 2018
258223 258222 2526
244766 244652 1529
56093 56091 2119
53122 53119 3187
185201 185202 4768
93606 92862 3643
16286 16283 2376
21722 21727 1049
37478 37442 1278
166827 166826 860
26144 26145 2865
11453 11509 2694
157563 157561 1089
143842 143846 2556
170984 170989 3334
174942 174941 5652
41809 41806 8155
217079 217091 1753
137901 137897 3834
178830 178829 1189
186561 186557 2484
83949 85379 2592
79444 87559 2641
159966 159967 2200
202520 202523 900
209252 209250 6272
254219 254218 594
262966 260938 2629
236861 263370 18
147549 147548 2049
33590 33577 5630
44011 44016 3165
12415 12428 1340
98722 98718 5005
129108 129157 2687
7980 7979 1213
147805 147807 2433
53077 53076 970
123020 123016 1916
143079 143081 5818
137653 137655 1876
152022 152033 1405
107597 107596 3536
137125 137110 5087
155268 155289 2232
223608 216358 1886
141727 140780 677
126422 126420 1344
126526 126521 13602
103366 103367 3377
37257 46989 1939
169121 169123 2226
128696 128698 1344
211218 211210 1766
33059 33057 8390
48562 48563 6399
241190 240945 2786
160402 160439 1111
213389 213390 5786
227807 228024 11432
53507 53501 1956
155334 155336 556
52506 52451 1719
148284 148281 2181
41461 41462 5088
32485 32483 3766
225160 225120 3149
62687 62688 3053
21622 21476 2852
140134 140111 1922
99508 99507 5347
87558 80444 3696
251443 251447 2437
224048 224050 2246
80049 80117 1107
166961 166383 5286
173486 173485 2384
190954 192381 1109
138612 138603 2262
203933 203944 3295
188706 188728 1962
57698 57697 1618
236931 236929 4680
101194 101117 2332
193198 193197 4416
112143 112144 1719
228931 228928 1673
231222 231218 1524
246568 246567 1874
77587 59143 10382
177341 177342 833
259082 262623 2530
101405 101404 860
111381 111380 2044
122746 122742 3170
17908 17903 2458
86293 86291 4005
58789 58790 556
58155 58154 1910
179596 179594 3051
200218 200219 2465
141877 141878 1983
89257 89256 1405
41904 41903 4029
98585 98581 3067
260260 262988 516
162948 162951 2579
224570 218716 1345
38504 38506 278
165444 165495 632
185827 181264 611
7263 7262 10564
121123 121122 2965
193163 193165 1983
24943 24937 2712
229539 229537 3703
199059 199060 5300
252128 252123 1890
77986 77978 4267
221958 221951 1520
212431 212416 512
50314 48186 1833
7430 7429 911
237550 237543 3830
145398 145397 1420
6091 6045 1872
120908 120897 5965
137907 137906 388
79404 79313 6357
220217 220482 1113
175134 175135 1878
191671 191833 4289
154643 154621 2638
59236 59240 874
209137 209129 1991
7018 7022 18226
96885 96868 2318
130419 129894 4185
194380 194378 1616
12413 12501 3085
41178 41166 2439
205565 205569 2523
95112 95110 9037
1935 1931 442
145848 145850 4325
141026 140961 2481
206469 206470 1947
91903 91944 1849
247802 247803 1907
191559 191558 5209
30151 30153 2113
211978 211980 2067
118072 118075 594
30259 30249 1709
244927 244926 1141
186792 186783 2633
124429 124425 4534
109266 109243 6115
6045 6058 4018
192964 192963 838
69005 69370 3599
70692 64545 889
201249 201256 2294
33314 33312 1229
175898 175905 2232
38371 38352 2509
21267 21266 2730
68737 68738 842
190564 190563 3429
49609 49606 2442
204921 214414 4700
55068 55060 2263
226576 226577 2163
20197 20193 2409
74443 74442 1920
246677 246678 3563
144969 144931 5486
16739 16737 652
77782 77783 1334
128740 125100 103
73833 73824 3222
195381 195302 9996
15277 15270 3350
96603 96598 1273
225277 225291 11438
175894 175886 8330
244777 244652 5241
29763 29759 1893
257460 257459 3481
37446 37444 3025
188541 188543 1983
9912 9914 3623
199311 199324 1687
214289 202004 648
139958 139952 3481
2079 2078 1131
44701 44669 2017
171055 171056 1684
122651 122654 5748
64727 64726 421
11687 11689 1131
48341 48342 53
132656 132655 1875
124546 124547 1344
53484 53482 552
55490 55487 4078
43933 43929 1742
46840 41493 2069
218563 218568 2011
255989 255991 2694
201975 201966 3686
170129 170128 1608
116601 116600 30
168817 168816 3393
143403 143679 2451
58485 76680 1561
71982 71980 2869
9373 9390 3110
110349 110337 8546
192572 192571 3126
158074 158785 5553
141509 141511 2144
175628 175620 2459
244159 244149 492
248385 248384 470
22927 22961 2327
154943 154940 2950
231597 231587 2977
68802 68803 2227
246447 246434 4818
168520 168521 505
229460 229453 3347
72831 72832 1504
244049 244048 3890
234915 234914 7376
82665 82664 1575
219245 219112 461
129558 126766 1978
211431 211429 2893
59280 59281 1131
144081 144077 1459
243648 243651 3497
74172 74171 1656
105130 105166 2421
145876 145868 3430
154087 154088 1405
254327 254321 688
152716 152652 1050
156941 156942 1680
44901 44912 3347
103602 103603 1256
256151 256155 1821
150648 145285 493
51192 51190 1555
29642 29637 1253
155368 155367 2639
54844 54843 2017
70566 78781 5226
144477 144478 2219
7641 7640 316
61835 61834 1316
202567 202565 4138
79837 79836 5266
241139 241140 7952
22264 22217 2754
163196 163195 504
149257 149267 1260
46530 46525 2225
75272 75274 7276
259803 259796 860
70359 70421 2074
140801 140823 2041
84402 84398 2214
53126 53123 2196
122715 122714 1131
53794 53792 1783
84659 84654 3367
98530 98510 1689
146206 146360 1884
200183 205247 2235
160270 160271 1956
93243 93244 543
52942 52948 4159
207251 207257 5326
162915 162931 841
95291 95289 5008
152440 152439 931
157384 157341 5588
183111 183159 1088
283 284 2254
70185 70198 5015
88194 88266 2500
172602 171221 2267
118248 117990 14465
124211 119841 4824
21839 34604 1899
216372 216367 15503
128570 128568 2028
180275 180276 3585
196435 196781 2020
73090 73089 3081
111026 111023 24
62380 62318 1885
60190 60187 2021
13482 13492 4869
85879 85878 4592
177804 177803 778
100674 102150 4977
222961 222945 651
2686 2687 3056
71915 71909 2120
166214 166216 6671
1771 1772 419
92162 92163 7997
165167 165169 790
59798 59797 2232
178141 178139 3582
124861 124859 2320
221664 221665 1867
44432 44433 4049
260709 260678 4925
79434 84859 1828
170460 170454 2120
114868 114859 1257
247384 247386 1287
260926 260927 1442
9632 9658 1709
41855 41854 2536
105817 105816 20112
252555 252548 3359
106353 106351 4236
198602 198744 3938
142522 144475 6071
215173 215172 1756
85094 85093 844
5202 5208 1111
16403 16400 2388
40658 40659 1742
249195 249193 1704
158917 158905 934
204473 204470 1933
243649 243647 3009
16012 16010 1958
178062 178058 3512
153600 153598 934
86351 81341 1786
68272 68305 1193
226819 234131 1680
55167 55171 7964
172799 152045 2725
236159 236157 2102
147138 147137 2253
124800 124804 2545
238333 238332 6353
205486 205490 4488
204046 204053 2683
87309 87253 8204
221881 221882 808
66671 66669 1782
24057 28789 3185
100776 100790 7917
14785 14780 3856
257524 257523 3338
242006 242007 5022
17069 16982 1182
50770 50766 2638
190623 190593 4050
40352 40349 3363
247867 247468 3340
223980 217169 2734
210496 210506 1084
196783 196769 4597
145937 145935 2026
200033 200037 2208
152079 152075 2459
30696 30694 9844
196661 196657 4429
220810 220813 1817
85993 85994 3125
37092 37050 2330
211093 211094 2968
155198 155235 3833
147933 147967 3798
251702 251705 2064
209886 209887 3074
182625 185246 2376
173924 180405 7610
252749 252763 133
131544 131545 2262
193542 193541 1547
10344 10345 6283
71039 76629 3135
68626 68619 4293
195752 195733 942
88137 88136 3866
119845 119854 2020
182869 182871 1405
34419 23302 2530
5154 5155 6531
261163 262628 3248
32018 32023 5684
233240 233236 1905
93412 93411 1120
186876 186875 1306
208986 208987 1847
43140 43141 3363
139217 139225 1087
24153 24182 7564
67101 67100 2232
224627 216721 2550
50566 40433 380
52287 52289 2091
154077 154085 3593
162054 162087 2120
234990 229007 5378
173179 173178 1087
200477 200490 5095
70768 70769 692
162623 162612 504
116662 116663 2923
172624 171199 298
125501 125502 3249
136144 136148 1189
54246 54233 2320
231722 231763 6961
157391 157392 1916
94651 94485 9712
50284 49806 1870
158547 158593 1343
206866 206867 5539
233372 233319 4131
258363 258393 3694
119935 120142 1783
262299 262295 467
121336 121338 7105
188729 188727 1884
136580 136568 5382
140363 140361 1893
61701 61703 1458
10531 10544 2081
8044 8041 3344
110272 110266 9727
239764 239768 4074
213586 213603 4379
235057 235058 2128
62064 62066 5339
133969 133972 938
235750 235751 778
184119 184116 1210
134280 134277 3666
210482 210479 852
197233 202583 4151
235056 235057 3908
154348 154347 2579
66766 66767 2345
124741 124743 1532
131708 131709 6755
240758 240757 1509
194476 193990 3109
103255 103231 2819
208268 208274 1232
231433 231438 3115
83563 83549 7916
193958 192985 1152
34358 18282 2854
170954 171379 10215
185808 185809 2487
63207 63208 1124
39254 39253 2016
252182 251012 2585
181341 181340 1603
244084 243830 778
146497 146506 2328
219083 219080 3503
8312 8311 3664
103977 103976 1843
85474 85475 2807
93378 93379 3320
136065 136061 2665
235626 252328 487
150136 150137 2268
150914 151198 6587
108239 108240 1007
27024 27034 1681
29494 29469 2377
52422 51536 5995
127435 127434 1868
58447 58448 3667
114820 113997 367
212723 212721 1943
197686 197699 1825
201876 201870 2175
249929 249931 1741
187849 187850 1952
180409 180410 1525
90979 90978 2475
100271 100331 348
201051 201048 1869
53832 53831 1693
91656 86203 3310
41844 41841 1960
93070 93069 4188
239491 239490 4811
242119 236300 2306
26864 27443 1782
75262 75264 1885
41759 42748 5103
243362 243378 3178
170210 170219 5838
212243 212244 8468
124901 124875 211
215726 215727 6751
142933 142935 5983
31501 31506 778
242670 242667 1835
142255 142254 2078
66142 66143 1903
252701 252711 1679
249005 249009 3085
257762 257761 1942
219878 219830 3100
34981 9655 1047
207980 207975 1861
151142 151140 2078
244115 244094 5830
263371 254076 3003
79 77 2327
192007 194146 1039
229345 229344 3437
138685 136864 4572
82316 82314 4765
90001 90000 3253
114083 114100 2514
115164 115216 1043
107738 107737 4354
236775 236776 2946
39422 39426 1692
187071 187075 3615
21405 21397 2327
160154 160153 1693
236160 261390 1689
169099 169100 860
236093 236089 2454
178159 178158 3163
55919 55920 3258
69835 69836 2467
258858 258857 1997
212112 212171 1276
238190 238192 3616
69500 69091 1055
234764 225886 793
7016 13430 1986
49338 49324 3839
119406 119409 2208
66861 66850 1973
135171 135240 5805
36556 36525 2880
73823 73817 2764
199937 199936 1392
71559 71562 5015
166644 166698 5295
256254 256229 1967
100138 100137 1693
68658 68656 2093
65858 66004 3848
17728 17726 503
243341 243342 4915
172626 168012 1349
17738 17737 5506
162330 162323 3895
169410 169198 1508
186529 186518 5346
199589 199590 2025
76433 76434 2100
46895 46893 1719
253200 253198 1405
88294 88292 103
236858 236846 470
46946 46945 475
61322 61325 1533
41492 41493 5260
11243 11244 4172
230304 230306 2810
112074 111585 4198
73720 73726 2536
68294 68291 1973
232978 232970 6941
46914 46911 2091
49736 49735 556
165565 165572 1342
133503 133501 1680
172334 158275 632
261690 261496 1726
8047 8045 3768
48180 49495 693
19257 19239 5361
10583 10581 3895
173412 173436 1341
76534 76533 1792
23492 23493 1118
157707 157708 7468
255547 261786 3750
145516 145520 3575
93468 93467 755
23627 23626 5530
154046 162451 556
149103 149101 2125
241091 261840 9230
69044 69041 1357
253991 253985 1376
180670 180663 4658
5803 5797 4463
165913 165911 4873
231049 231047 1255
62519 62515 14822
254864 254507 5600
145234 145252 4424
82217 82216 5717
146344 146342 1421
83819 83818 2446
233626 233627 13962
189265 189266 1270
162063 162074 2572
126995 126742 51
12965 12971 1953
210494 210487 2648
252052 252054 434
247052 247051 1136
257675 257726 188
194973 194965 1503
2857 2852 2062
11726 11725 2509
230464 234386 3942
36658 36657 3067
131792 131780 2707
81341 81342 1854
220506 224970 2927
81620 81618 3776
97689 95746 1876
148237 148261 3738
187418 187417 1368
166452 166448 1895
109589 108869 2345
127651 127646 1010
225077 225459 1985
158764 158693 6721
42677 42682 5912
238189 238170 6060
189852 189883 1657
184511 184510 1389
257488 257492 4489
20535 20530 2014
134275 134277 2166
130778 130776 2106
109677 109347 4626
204781 204782 1982
172307 153089 1293
6781 6790 4300
54953 54952 3061
183722 183726 3710
255965 255964 1451
42527 42420 3361
174049 174042 15061
106345 106344 2551
153381 153379 1264
19017 19018 5275
154525 154534 1917
222335 222333 1063
204960 204956 653
118581 118582 368
229946 229945 3447
209550 209580 1735
229156 229155 5109
17621 17622 3169
